223
14
3
2
1
LVVE_TX_MODE_ON
LVM_MODE_OFF
LVM_MODE_ON
35 //400
8192
LVM_MODE_ON
14
LVM_MODE_ON
300
LVM_MODE_ON//LVM_MODE_OFF
7000
LVM_MODE_ON
159
0
4096
4096
0
128
8192
4096//2048
96
8192
2048//1024
1//2
767
7000//12000
6000//10000
1024//700
256 //300
384  //448//256
384  //448//400
7000//16000
6000//14000
1024//700
256//400
384  //448//256
384  //448//600
7000//12000
280
5120//8230
8192//16384
512
768
150
16384
16384
1
8000
32
64
64
16728//16670
1024//700
LVM_MODE_OFF
2549
14
0
8192
8192
2048
40
2048
1568
40
2048
1568
1
776
32
1024
800
32
1024
800
1
776
1
32767
8192
23062
-11398
-2622
4704
8698
8807
4494
835
481
209
6655
7358
-1669
4806
-598
-880
16
655
1024
16
1638
181
10
16384
10000
16000
5000
128
9830
16384
6554
6554
9830
512
12288
10240
400
230
26213
0
11470
9830
0
20
410
5570
LVM_MODE_OFF
0
16384
512
512
12055
32442
23170
4096
LVM_MODE_OFF
0
LVM_MODE_ON
5
-80
-74//-70
-68//-50
-12//-24
0
-96
-90//-86
-68//-50
-12//-24
-5
50//1000
1000//50
LVM_MODE_ON//LVM_MODE_OFF
-2//0
LVM_MODE_ON
64
5726
-1496
1321
-284
283
-149
-185
-247
-391
-298
-407
-232
-287
-77
-103
96
65
222
162
262
166
215
98
114
-1
7
-88
-68
-131
-93
-124
-72
-81
-26
-26
19
17
48
38
54
37
40
21
19
2
0
-10
-10
-14
-12
-12
-8
-6
-2
-1
0
1
1
1
0
0
0
0
0