223
14
3
32
1
LVVE_TX_MODE_ON
LVM_MODE_OFF
LVM_MODE_ON
400 
8192
LVM_MODE_ON
0
LVM_MODE_ON
300
LVM_MODE_OFF
7000
LVM_MODE_ON
31
0
8192
2048
0
200
8192
1024
128
8192
800
2
776
12000
10000
768
256
256
512
12000
10000
550
256
256
512
23000
512
10158
28000
512
768
150
12288
16384
1
20480
32
64
64
16800
400
LVM_MODE_OFF
2551
14
0
8192
8192
2048
32
8192
1000
24
8192
1000
1
776
32
8192
1000
24
8192
1000
1
776
1
32767
6554
32767
0
0
0
0
0
0
0
0
0
0
0
0
0
0
0
16
655
1024
16
1638
256
10
16384
8192
12000
7000
256
11140
16384
11140
6554
9830
256
12288
9216
320
230
26213
0
11470
9830
0
20
410
5570
LVM_MODE_OFF
0
16384
512
512
25520
32685
23197
9216
LVM_MODE_OFF
0
LVM_MODE_OFF
5
-80
-70
-50
-24
0
-96
-86
-50
-24
0
50
1000
LVM_MODE_OFF
0
LVM_MODE_ON
64
3619
-235
760
907
486
145
77
76
-1
-87
-100
-79
-96
-150
-193
-206
-207
-213
-210
-185
-147
-116
-93
-70
-40
-11
8
21
33
45
55
57
53
47
42
39
34
27
19
10
4
0
-1
-2
-3
-3
-3
-3
-3
-2
-1
0
0
0
0
0
0
0
0
0
0
0
0
0
